1 0.81171875 0.4671875 0.04140625 0.05
1 0.575 0.39453125 0.0328125 0.0671875
1 0.4640625 0.43671875 0.00546875 0.01015625
1 0.4640625 0.421875 0.00546875 0.01328125
1 0.47265625 0.4109375 0.00859375 0.0265625
1 0.44921875 0.4625 0.00546875 0.0125
1 0.46953125 0.46328125 0.00390625 0.01328125
1 0.38515625 0.440625 0.00546875 0.00703125
1 0.3859375 0.42578125 0.0078125 0.01328125
1 0.3953125 0.4265625 0.00625 0.0171875
0 0.37890625 0.41484375 0.0046875 0.01328125
1 0.2671875 0.2421875 0.02109375 0.08046875
0 0.27421875 0.4265625 0.0140625 0.06328125
0 0.496875 0.43125 0.00390625 0.01484375
1 0.54296875 0.4109375 0.00625 0.0234375
1 0.899969203125 0.16670029687500001 0.7621942671874999 0.1988107328125 0.755676128125 0.4187947203125 0.8798187796875 0.41719297343750006 0.899969203125 0.16670029687500001
3 0.3858537125 0.3937051140625 0.3798040421875 0.40794286875 0.3829791734375 0.41580440625000004 0.3924545859375 0.415134946875 0.3858537125 0.3937051140625
3 0.4583926328125 0.4131564140625 0.46917751093750004 0.4144924921875 0.46445015781250004 0.3944328515625 0.4583926328125 0.4131564140625
1 0.25481340625 0.2827053109375 0.2556606796875 0.3313895265625 0.28430048281250003 0.3464029296875 0.281009709375 0.3026603546875 0.25481340625 0.2827053109375
1 0.2563671453125 0.338998928125 0.25797186875 0.39066021093750003 0.2864028875 0.39470293125 0.284017653125 0.35333814218750004 0.2563671453125 0.338998928125