0 0.289332809375 0.25579144062500003 0.18709533750000001 0.270684671875 0.18754619374999998 0.369810309375 0.2853203890625 0.3625932 0.289332809375 0.25579144062500003
0 0.2911630015625 0.37415041250000003 0.1828791046875 0.3797978734375 0.1803510109375 0.512541884375 0.290065709375 0.514775459375 0.2911630015625 0.37415041250000003
0 0.7068349765625 0.33590811875000004 0.7061710265625 0.285591065625 0.70410251875 0.2900017765625 0.6285605624999999 0.2894602828125 0.6231920859375 0.3142459171875 0.63056725 0.337092021875 0.7068349765625 0.33590811875000004
0 0.7045735890625 0.34340534375 0.6304225906250001 0.34015884375 0.6297351484375 0.42429216875 0.706995709375 0.4175431890625 0.7045735890625 0.34340534375
0 0.6058193390625 0.41460681875 0.6056684984375 0.4555068078125 0.6266144578125 0.4555658796875 0.6250504046875001 0.41478403437500005 0.6058193390625 0.41460681875
1 0.55859375 0.45625 0.01015625 0.02265625
1 0.484375 0.38828125 0.0234375 0.0453125
1 0.48515625 0.446875 0.02890625 0.059375
1 0.51015625 0.384375 0.01953125 0.034375
1 0.51015625 0.42265625 0.01875 0.03828125
1 0.51015625 0.46171875 0.01796875 0.03359375
1 0.48515625 0.49140625 0.0296875 0.0234375
1 0.484375 0.51953125 0.01171875 0.015625
1 0.51015625 0.4875 0.009375 0.01015625
1 0.6765625 0.4421875 0.0125 0.0234375
1 0.67734375 0.475 0.015625 0.03125
0 0.72734375 0.4328125 0.0109375 0.05703125