1 0.39765625 0.76171875 0.034375 0.0109375
1 0.42421875 0.671875 0.025 0.0140625
1 0.3890625 0.67109375 0.03125 0.015625
1 0.409375 0.690625 0.0203125 0.00625
1 0.396875 0.58046875 0.009375 0.0046875
1 0.41640625 0.509375 0.009375 0.003125
1 0.43828125 0.50859375 0.00625 0.003125
3 0.43828125 0.6078125 0.009375 0.00625
1 0.4375 0.60078125 0.009375 0.00625
0 0.42265625 0.4515625 0.0671875 0.0203125
0 0.44765625 0.42421875 0.0296875 0.0109375
0 0.44921875 0.40859375 0.0125 0.00625
1 0.45625 0.353125 0.025 0.009375
0 0.46640625 0.24921875 0.05625 0.01875
3 0.4921875 0.228125 0.025 0.0109375
3 0.46171875 0.2265625 0.0328125 0.015625