0 0.597843084375 0.573470040625 0.551137084375 0.5708667562499999 0.5502313890625 0.6385574078125 0.596952571875 0.6413801515625 0.597843084375 0.573470040625
0 0.5971598515625 0.5353275203125001 0.5177234125 0.5321157953125 0.5169028734375 0.5622408296875 0.5974595500000001 0.565350053125 0.5971598515625 0.5353275203125001
0 0.49164969843749995 0.530755675 0.41606180156250006 0.5312773828124999 0.41638394375 0.5671280656250001 0.49150116875 0.5683778 0.49164969843749995 0.530755675
1 0.5046875 0.44140625 0.00625 0.0125
1 0.5046875 0.4296875 0.0046875 0.009375
1 0.5046875 0.4203125 0.0046875 0.0078125
1 0.5046875 0.41015625 0.0046875 0.009375
1 0.4296875 0.46953125 0.003125 0.0125
1 0.4296875 0.4578125 0.00625 0.00625
1 0.4296875 0.4484375 0.00625 0.009375
1 0.4296875 0.43828125 0.0046875 0.009375
1 0.42421875 0.43828125 0.0046875 0.0078125
1 0.42421875 0.428125 0.00625 0.009375
1 0.72109375 0.4625 0.0078125 0.0234375