2 0.6316057828125 0.8447462187499999 0.6119585796875 0.727391853125 0.5580956109375 0.723567128125 0.5616188656250001 0.8429858640625 0.6316057828125 0.8447462187499999
1 0.418904721875 0.822554590625 0.411227653125 0.790908021875 0.283428884375 0.7881015421875001 0.2945976796875 0.8195357 0.418904721875 0.822554590625
1 0.475439690625 0.8230364968749999 0.47324586718750006 0.7925276546875 0.4210696453125 0.790885453125 0.425081584375 0.822934275 0.475439690625 0.8230364968749999
1 0.5207060234374999 0.8237932109375 0.5197365375 0.790943865625 0.47991404062500004 0.79106201875 0.48090717187500004 0.822934275 0.5207060234374999 0.8237932109375
0 0.5303047750000001 0.6516843531250001 0.5282923609375 0.6365548921874999 0.5173980796875 0.6365828359375 0.51690441875 0.6517504625 0.5303047750000001 0.6516843531250001
1 0.5453125 0.584375 0.0171875 0.0046875
1 0.57265625 0.5796875 0.0078125 0.003125
1 0.51640625 0.51015625 0.015625 0.00625
1 0.56953125 0.36015625 0.00625 0.003125
0 0.51171875 0.315625 0.025 0.021875
2 0.528125 0.2390625 0.0078125 0.0171875
1 0.590625 0.10859375 0.0125 0.00625
2 0.54296875 0.04453125 0.01875 0.04375