0 0.630189690625 0.18754619374999998 0.6374068 0.2853203890625 0.744208559375 0.289332809375 0.729315328125 0.18709533750000001 0.630189690625 0.18754619374999998
0 0.48745811562499997 0.1803510109375 0.485224540625 0.290065709375 0.6258495875000001 0.2911630015625 0.6202021265625 0.1828791046875 0.48745811562499997 0.1803510109375
0 0.7099982234375 0.70410251875 0.7105397171875001 0.6285605624999999 0.6857540828124999 0.6231920859375 0.662907978125 0.63056725 0.66409188125 0.7068349765625 0.714408934375 0.7061710265625 0.7099982234375 0.70410251875
0 0.57570783125 0.6297351484375 0.5824568109375 0.706995709375 0.65659465625 0.7045735890625 0.65984115625 0.6304225906250001 0.57570783125 0.6297351484375
0 0.5444341203125 0.6266144578125 0.585215965625 0.6250504046875001 0.58539318125 0.6058193390625 0.5444931921875 0.6056684984375 0.5444341203125 0.6266144578125
1 0.54375 0.55859375 0.021875 0.009375
1 0.61171875 0.484375 0.0453125 0.0234375
1 0.553125 0.48515625 0.059375 0.028125
1 0.615625 0.51015625 0.034375 0.01875
1 0.57734375 0.51015625 0.0375 0.01875
1 0.53828125 0.51015625 0.034375 0.01875
1 0.50859375 0.48515625 0.0234375 0.0296875
1 0.48046875 0.484375 0.015625 0.0125
1 0.5125 0.51015625 0.009375 0.009375
1 0.5578125 0.6765625 0.0234375 0.0125
1 0.525 0.67734375 0.03125 0.015625
0 0.5671875 0.72734375 0.05625 0.0109375