0 0.4497686109375 0.3614425921875 0.403047428125 0.3586198484375 0.402156915625 0.426529959375 0.448862915625 0.42913324375000006 0.4497686109375 0.3614425921875
0 0.48309712656250003 0.4377591703125 0.40254044999999994 0.434649946875 0.40284014843750005 0.4646724796875 0.4822765875 0.4678842046875 0.48309712656250003 0.4377591703125
0 0.58361605625 0.43287193437499993 0.5084988312500001 0.43162219999999996 0.5083503015625 0.469244325 0.5839381984375 0.4687226171875 0.58361605625 0.43287193437499993
1 0.4953125 0.55859375 0.00546875 0.0125
1 0.4953125 0.5703125 0.0046875 0.00859375
1 0.4953125 0.5796875 0.0046875 0.0078125
1 0.4953125 0.58984375 0.0046875 0.009375
1 0.5703125 0.53046875 0.00390625 0.01328125
1 0.5703125 0.5421875 0.00546875 0.00703125
1 0.5703125 0.5515625 0.00546875 0.009375
1 0.5703125 0.56171875 0.0046875 0.00859375
1 0.57578125 0.56171875 0.0046875 0.0078125
1 0.57578125 0.571875 0.00546875 0.009375
1 0.27890625 0.5375 0.0078125 0.0234375