1 0.45859375 0.2 0.0453125 0.025
1 0.45546875 0.25234375 0.0328125 0.00625
1 0.49921875 0.58828125 0.03125 0.0078125
1 0.46875 0.5890625 0.021875 0.009375
1 0.49375 0.5125 0.021875 0.00625
1 0.475 0.5125 0.009375 0.0046875
0 0.434637184375 0.5914160671875 0.45394598906250005 0.590582925 0.45416260625 0.5867673046874999 0.4367222328125 0.5872591968750001 0.434637184375 0.5914160671875
2 0.4875 0.603125 0.0125 0.01875
2 0.49921875 0.521875 0.009375 0.0125
1 0.490625 0.42734375 0.0125 0.0046875
0 0.46171875 0.5125 0.0125 0.003125