2 0.8856033890624999 0.5375347796875001 0.7900245171875 0.5392908203125 0.79186154375 0.5881914359375 0.8851066640624999 0.5881914359375 0.8856033890624999 0.5375347796875001
1 0.41875 0.58203125 0.0125 0.0265625
1 0.41875 0.54765625 0.015625 0.028125
1 0.41875 0.525 0.009375 0.0125
1 0.2828125 0.53125 0.00625 0.0109375
1 0.303125 0.53046875 0.00625 0.009375
1 0.35234375 0.5328125 0.003125 0.0078125
0 0.3090545359375 0.5857216859375 0.31172183124999997 0.5779079015625 0.308734053125 0.570250153125 0.28712065781249996 0.5707016406250001 0.2860645921875 0.5866034250000001 0.3090545359375 0.5857216859375
0 0.2605310390625 0.5860420671875 0.1409023328125 0.593640725 0.1409190296875 0.6135255749999999 0.26029975312500003 0.6026760203125 0.2605310390625 0.5860420671875
0 0.25998483437500003 0.6042899265624999 0.24044461093749997 0.6062971546875 0.240530878125 0.6185685734375 0.2606559484375 0.6170940828125 0.25998483437500003 0.6042899265624999
0 0.2006239453125 0.5667961328125 0.1420315671875 0.572848284375 0.14177740625 0.5825003343749999 0.2005019671875 0.578139646875 0.2006239453125 0.5667961328125
0 0.19467204062500001 0.5573370484375 0.1746183953125 0.558035978125 0.17439345312500001 0.5643004859375 0.1944257640625 0.563212853125 0.19467204062500001 0.5573370484375
0 0.1683576015625 0.5578679390625 0.1472989078125 0.558514240625 0.146861546875 0.56551645625 0.167570075 0.564385428125 0.1683576015625 0.5578679390625