3 0.4380646296875 0.3693275609375 0.4702710953125 0.3690931703125 0.4524223078125 0.2988554859375 0.4380646296875 0.3693275609375
3 0.524836134375 0.28073460156249996 0.5300212109375 0.304929175 0.5353333234375001 0.279835671875 0.524836134375 0.28073460156249996
3 0.617477346875 0.3550138546875 0.6215524703125 0.3691425578125 0.6259483593749999 0.3556510203125 0.617477346875 0.3550138546875
1 0.52890625 0.3296875 0.009375 0.0265625
1 0.52890625 0.3640625 0.009375 0.034375
1 0.48515625 0.2828125 0.009375 0.06328125
1 0.49609375 0.36875 0.0046875 0.01953125
1 0.49609375 0.384375 0.00625 0.009375
1 0.72265625 0.4484375 0.00390625 0.0109375
0 0.63828125 0.34296875 0.00234375 0.03515625
1 0.60390625 0.36171875 0.00390625 0.01328125
3 0.6060573484375 0.34421271875000004 0.6014784984375 0.34403224374999997 0.60145669375 0.3445245546875 0.6045109828124999 0.352123975 0.6060573484375 0.34421271875000004