1 0.46953125 0.53046875 0.015625 0.0375
1 0.46875 0.57265625 0.009375 0.0140625
1 0.46953125 0.5578125 0.015625 0.0109375
1 0.44375 0.58671875 0.00625 0.015625
1 0.56640625 0.55390625 0.00625 0.015625
1 0.5453125 0.5625 0.0078125 0.015625
1 0.74609375 0.56015625 0.0125 0.015625
1 0.56640625 0.575 0.00625 0.00625
0 0.5421723765625 0.48985772812499995 0.5372417015625001 0.5061773328125 0.542626621875 0.5226980109375 0.57364959375 0.5217049953124999 0.5734887734375 0.4891567765625 0.5421723765625 0.48985772812499995
0 0.5638593390625 0.5238415515625 0.5435390625000001 0.52483344375 0.5436248328125 0.52486714375 0.543890609375 0.5537185140625 0.56082295 0.5545531421875001 0.5684017921875 0.5400488250000001 0.5638593390625 0.5238415515625
3 0.7560135156250001 0.5487377109375 0.7445332437500001 0.515273984375 0.744524215625 0.5156132265625 0.7345172796874999 0.5495004453125001 0.7560135156250001 0.5487377109375
2 0.49160575624999997 0.5840421578125 0.49144250156249997 0.5920978921875 0.502794115625 0.5920181359375001 0.5031975765625 0.5835685171875 0.49160575624999997 0.5840421578125