1 0.5328125 0.81171875 0.05 0.040625
1 0.60546875 0.575 0.0671875 0.0328125
1 0.56328125 0.4640625 0.009375 0.00625
1 0.578125 0.4640625 0.0125 0.00625
1 0.5890625 0.47265625 0.0265625 0.009375
1 0.5375 0.44921875 0.0125 0.00625
1 0.53671875 0.46953125 0.0125 0.003125
1 0.559375 0.38515625 0.00625 0.00625
1 0.57421875 0.3859375 0.0125 0.0078125
1 0.5734375 0.3953125 0.0171875 0.00625
0 0.58515625 0.37890625 0.0125 0.0046875
1 0.7578125 0.2671875 0.08125 0.021875
0 0.5734375 0.27421875 0.0625 0.0140625
0 0.56875 0.496875 0.015625 0.003125
1 0.5890625 0.54296875 0.0234375 0.00625
1 0.5812052796875 0.755676128125 0.5828070265624999 0.8798187796875 0.833299703125 0.899969203125 0.8011892671874999 0.7621942671874999 0.5812052796875 0.755676128125
3 0.58419559375 0.3829791734375 0.5848650531249999 0.3924545859375 0.6062948859375 0.3858537125 0.59205713125 0.3798040421875 0.58419559375 0.3829791734375
3 0.6055671484375 0.46445015781250004 0.5868435859375001 0.4583926328125 0.5855075078125 0.46917751093750004 0.6055671484375 0.46445015781250004
1 0.6535970703125 0.28430048281250003 0.6973396453125 0.281009709375 0.7172946890625 0.25481340625 0.6686104734375 0.2556606796875 0.6535970703125 0.28430048281250003
1 0.60529706875 0.2864028875 0.6466618578125 0.284017653125 0.661001071875 0.2563671453125 0.6093397890625 0.25797186875 0.60529706875 0.2864028875