1 0.53046875 0.46953125 0.015625 0.0375
1 0.53125 0.42734375 0.009375 0.0140625
1 0.53046875 0.4421875 0.015625 0.0109375
1 0.55625 0.41328125 0.00625 0.015625
1 0.43359375 0.44609375 0.00625 0.015625
1 0.4546875 0.4375 0.0078125 0.015625
1 0.25390625 0.43984375 0.0125 0.015625
1 0.43359375 0.425 0.00625 0.00625
0 0.4578276234375 0.510142271875 0.46275829843749994 0.4938226671875 0.45737337812499995 0.4773019890625 0.42635040625 0.4782950046875 0.42651122656249996 0.5108432234375 0.4578276234375 0.510142271875
0 0.4361406609375 0.4761584484375 0.4564609375 0.47516655625000004 0.4563751671875 0.47513285625 0.456109390625 0.44628148593750006 0.43917704999999996 0.4454468578125 0.43159820781249997 0.45995117499999993 0.4361406609375 0.4761584484375
3 0.243986484375 0.4512622890625 0.25546675625000004 0.484726015625 0.255475784375 0.48438677343750003 0.2654827203125 0.45049955468749997 0.243986484375 0.4512622890625
2 0.50839424375 0.4159578421875 0.5085574984375001 0.40790210781249997 0.497205884375 0.4079818640625 0.49680242343750003 0.4164314828125 0.50839424375 0.4159578421875