2 0.276432871875 0.5580956109375 0.1570141359375 0.5616188656250001 0.15525378125 0.6316057828125 0.272608146875 0.6119585796875 0.276432871875 0.5580956109375
1 0.2118984578125 0.283428884375 0.1804643 0.2945976796875 0.177445409375 0.418904721875 0.20909197812500002 0.411227653125 0.2118984578125 0.283428884375
1 0.20911454687500003 0.4210696453125 0.177065725 0.425081584375 0.176963503125 0.475439690625 0.20747234531249997 0.47324586718750006 0.20911454687500003 0.4210696453125
1 0.20893798125 0.47991404062500004 0.177065725 0.48090717187500004 0.1762067890625 0.5207060234374999 0.209056134375 0.5197365375 0.20893798125 0.47991404062500004
0 0.3634171640625 0.5173980796875 0.3482495375 0.51690441875 0.348315646875 0.5303047750000001 0.3634451078125 0.5282923609375 0.3634171640625 0.5173980796875
1 0.415625 0.5453125 0.0046875 0.0171875
1 0.4203125 0.57265625 0.00234375 0.0078125
1 0.48984375 0.51640625 0.00546875 0.01484375
1 0.63984375 0.56953125 0.00390625 0.00703125
0 0.684375 0.51171875 0.02109375 0.02421875
2 0.7609375 0.528125 0.0171875 0.0078125
1 0.89140625 0.590625 0.00546875 0.0125
2 0.95546875 0.54296875 0.04375 0.01875