3 0.5475776921875 0.7011445140625 0.5619353703125001 0.6306724390625 0.5297289046875 0.6309068296875 0.5475776921875 0.7011445140625
3 0.46466667656249994 0.720164328125 0.475163865625 0.7192653984375 0.4699787890625 0.695070825 0.46466667656249994 0.720164328125
3 0.37405164062499996 0.6443489796875 0.382522653125 0.6449861453125 0.3784475296875 0.6308574421875 0.37405164062499996 0.6443489796875
1 0.47109375 0.6703125 0.009375 0.0265625
1 0.47109375 0.6359375 0.009375 0.034375
1 0.51484375 0.7171875 0.009375 0.0625
1 0.50390625 0.63125 0.0046875 0.01875
1 0.50390625 0.615625 0.00625 0.009375
1 0.27734375 0.5515625 0.003125 0.0109375
0 0.36171875 0.65703125 0.003125 0.034375
1 0.39609375 0.63828125 0.003125 0.0125
3 0.39854330625 0.6554754453125 0.39548901718749996 0.647876025 0.3939426515625 0.6557872812500001 0.3985215015625 0.65596775625 0.39854330625 0.6554754453125