1 0.23828125 0.39765625 0.0109375 0.034375
1 0.328125 0.42421875 0.0140625 0.025
1 0.32890625 0.3890625 0.015625 0.03125
1 0.309375 0.409375 0.00625 0.0203125
1 0.41953125 0.396875 0.0046875 0.009375
1 0.490625 0.41640625 0.003125 0.009375
1 0.49140625 0.43828125 0.003125 0.00625
3 0.3921875 0.43828125 0.00625 0.009375
1 0.39921875 0.4375 0.00625 0.009375
0 0.5484375 0.42265625 0.0203125 0.0671875
0 0.57578125 0.44765625 0.0109375 0.0296875
0 0.59140625 0.44921875 0.00625 0.0125
1 0.646875 0.45625 0.009375 0.025
0 0.75078125 0.46640625 0.01875 0.05625
3 0.771875 0.4921875 0.0109375 0.025
3 0.7734375 0.46171875 0.015625 0.0328125