2 0.1143966109375 0.4624652203125 0.2099754828125 0.4607091796875 0.20813845625 0.4118085640625 0.1148933359375 0.4118085640625 0.1143966109375 0.4624652203125
1 0.58125 0.41796875 0.0125 0.0265625
1 0.58125 0.45234375 0.015625 0.028125
1 0.58125 0.475 0.009375 0.0125
1 0.7171875 0.46875 0.00625 0.0109375
1 0.696875 0.46953125 0.00625 0.009375
1 0.64765625 0.4671875 0.003125 0.0078125
0 0.6909454640625 0.41427831406250004 0.6882781687499999 0.42209209843749995 0.691265946875 0.42974984687499995 0.7128793421874999 0.429298359375 0.7139354078125 0.413396575 0.6909454640625 0.41427831406250004
0 0.7394689609375 0.41395793281250004 0.8590976671874999 0.40635927499999996 0.8590809703125 0.386474425 0.739700246875 0.3973239796875 0.7394689609375 0.41395793281250004
0 0.740015165625 0.3957100734375 0.7595553890625 0.3937028453125 0.759469121875 0.3814314265625 0.7393440515624999 0.3829059171875 0.740015165625 0.3957100734375
0 0.7993760546875001 0.4332038671875 0.8579684328124999 0.427151715625 0.8582225937500001 0.417499665625 0.7994980328125 0.42186035312500003 0.7993760546875001 0.4332038671875
0 0.805327959375 0.44266295156249996 0.8253816046875 0.44196402187499995 0.825606546875 0.4356995140625 0.8055742359375 0.436787146875 0.805327959375 0.44266295156249996
0 0.8316423984375 0.4421320609375 0.8527010921875 0.441485759375 0.8531384531249999 0.43448354375 0.8324299249999999 0.43561457187499997 0.8316423984375 0.4421320609375