1 0.8 0.45859375 0.025 0.0453125
1 0.74765625 0.45546875 0.00625 0.0328125
1 0.41171875 0.49921875 0.0078125 0.03125
1 0.4109375 0.46875 0.009375 0.021875
1 0.4875 0.49375 0.00625 0.021875
1 0.4875 0.475 0.0046875 0.009375
0 0.4085839328125 0.434637184375 0.409417075 0.45394598906250005 0.4132326953125 0.45416260625 0.412740803125 0.4367222328125 0.4085839328125 0.434637184375
2 0.396875 0.4875 0.01875 0.0125
2 0.478125 0.49921875 0.0125 0.009375
1 0.57265625 0.490625 0.0046875 0.0125
0 0.4875 0.46171875 0.003125 0.0125